31.660877000002074 Training_Time (s)
0.9316897999997309 Test_time (s)
98.41708316875338 Kappa accuracy (%)
98.61246612466125 Overall accuracy (%)
96.10643276611422 Average accuracy (%)
[100.          96.6536965   98.79518072  97.18309859  99.08045977
  99.847793   100.         100.          66.66666667  98.05714286
  99.59276018  97.19101124  99.45945946 100.          98.27089337
  86.9047619 ] Each accuracy (%)
                              precision    recall  f1-score   support

                     Alfalfa     1.0000    1.0000    1.0000        41
                 Corn-notill     0.9873    0.9665    0.9768      1285
                Corn-mintill     0.9762    0.9880    0.9820       747
                        Corn     0.9857    0.9718    0.9787       213
               Grass-pasture     0.9954    0.9908    0.9931       435
                 Grass-trees     0.9954    0.9985    0.9970       657
         Grass-pasture-mowed     0.8929    1.0000    0.9434        25
               Hay-windrowed     1.0000    1.0000    1.0000       430
                        Oats     1.0000    0.6667    0.8000        18
              Soybean-notill     0.9851    0.9806    0.9828       875
             Soybean-mintill     0.9813    0.9959    0.9885      2210
               Soybean-clean     0.9647    0.9719    0.9683       534
                       Wheat     1.0000    0.9946    0.9973       185
                       Woods     0.9948    1.0000    0.9974      1139
Buildings-Grass-Trees-Drives     1.0000    0.9827    0.9913       347
          Stone-Steel-Towers     0.9605    0.8690    0.9125        84

                    accuracy                         0.9861      9225
                   macro avg     0.9824    0.9611    0.9693      9225
                weighted avg     0.9862    0.9861    0.9860      9225

[[  41    0    0    0    0    0    0    0    0    0    0    0    0    0
     0    0]
 [   0 1242    0    0    0    0    0    0    0    2   39    1    0    0
     0    1]
 [   0    1  738    2    0    0    0    0    0    6    0    0    0    0
     0    0]
 [   0    0    6  207    0    0    0    0    0    0    0    0    0    0
     0    0]
 [   0    0    0    0  431    0    1    0    0    0    0    0    0    3
     0    0]
 [   0    0    0    0    0  656    0    0    0    0    0    0    0    1
     0    0]
 [   0    0    0    0    0    0   25    0    0    0    0    0    0    0
     0    0]
 [   0    0    0    0    0    0    0  430    0    0    0    0    0    0
     0    0]
 [   0    0    5    0    1    0    0    0   12    0    0    0    0    0
     0    0]
 [   0   15    0    0    0    0    0    0    0  858    0    2    0    0
     0    0]
 [   0    0    2    0    1    3    0    0    0    1 2201    0    0    2
     0    0]
 [   0    0    3    1    0    0    2    0    0    4    3  519    0    0
     0    2]
 [   0    0    1    0    0    0    0    0    0    0    0    0  184    0
     0    0]
 [   0    0    0    0    0    0    0    0    0    0    0    0    0 1139
     0    0]
 [   0    0    1    0    0    0    0    0    0    0    0    5    0    0
   341    0]
 [   0    0    0    0    0    0    0    0    0    0    0   11    0    0
     0   73]]