62.44735320000018 Training_Time (s)
1.5758897999999135 Test_time (s)
97.95824840147466 Kappa accuracy (%)
98.21138211382113 Overall accuracy (%)
97.56293655039978 Average accuracy (%)
[100.          96.0311284   99.86613119  97.65258216  97.93103448
 100.         100.         100.         100.          97.94285714
  99.54751131  95.50561798 100.         100.          89.62536023
  86.9047619 ] Each accuracy (%)
                              precision    recall  f1-score   support

                     Alfalfa     1.0000    1.0000    1.0000        41
                 Corn-notill     0.9856    0.9603    0.9728      1285
                Corn-mintill     0.9803    0.9987    0.9894       747
                        Corn     0.9858    0.9765    0.9811       213
               Grass-pasture     1.0000    0.9793    0.9895       435
                 Grass-trees     0.9939    1.0000    0.9970       657
         Grass-pasture-mowed     1.0000    1.0000    1.0000        25
               Hay-windrowed     1.0000    1.0000    1.0000       430
                        Oats     0.8182    1.0000    0.9000        18
              Soybean-notill     0.9851    0.9794    0.9822       875
             Soybean-mintill     0.9709    0.9955    0.9830      2210
               Soybean-clean     0.9696    0.9551    0.9623       534
                       Wheat     1.0000    1.0000    1.0000       185
                       Woods     0.9811    1.0000    0.9904      1139
Buildings-Grass-Trees-Drives     0.9968    0.8963    0.9439       347
          Stone-Steel-Towers     0.9605    0.8690    0.9125        84

                    accuracy                         0.9821      9225
                   macro avg     0.9767    0.9756    0.9753      9225
                weighted avg     0.9823    0.9821    0.9820      9225

[[  41    0    0    0    0    0    0    0    0    0    0    0    0    0
     0    0]
 [   0 1234    1    0    0    0    0    0    0    6   44    0    0    0
     0    0]
 [   0    1  746    0    0    0    0    0    0    0    0    0    0    0
     0    0]
 [   0    0    5  208    0    0    0    0    0    0    0    0    0    0
     0    0]
 [   0    0    0    0  426    1    0    0    0    0    7    0    0    0
     1    0]
 [   0    0    0    0    0  657    0    0    0    0    0    0    0    0
     0    0]
 [   0    0    0    0    0    0   25    0    0    0    0    0    0    0
     0    0]
 [   0    0    0    0    0    0    0  430    0    0    0    0    0    0
     0    0]
 [   0    0    0    0    0    0    0    0   18    0    0    0    0    0
     0    0]
 [   0   10    0    0    0    0    0    0    0  857    7    0    0    1
     0    0]
 [   0    0    1    0    0    3    0    0    1    0 2200    0    0    5
     0    0]
 [   0    0    8    3    0    0    0    0    3    7    0  510    0    0
     0    3]
 [   0    0    0    0    0    0    0    0    0    0    0    0  185    0
     0    0]
 [   0    0    0    0    0    0    0    0    0    0    0    0    0 1139
     0    0]
 [   0    7    0    0    0    0    0    0    0    0    8    5    0   16
   311    0]
 [   0    0    0    0    0    0    0    0    0    0    0   11    0    0
     0   73]]