13.110687899999903 Training_Time (s)
0.5775095999997575 Test_time (s)
98.86277074551641 Kappa accuracy (%)
99.00271002710028 Overall accuracy (%)
98.70547210672602 Average accuracy (%)
[ 95.12195122  96.49805447 100.         100.         100.
 100.         100.         100.          94.44444444  98.85714286
  99.09502262  97.94007491 100.         100.          99.71181556
  97.61904762] Each accuracy (%)
                              precision    recall  f1-score   support

                     Alfalfa     0.9750    0.9512    0.9630        41
                 Corn-notill     0.9904    0.9650    0.9775      1285
                Corn-mintill     0.9987    1.0000    0.9993       747
                        Corn     0.9953    1.0000    0.9977       213
               Grass-pasture     0.9977    1.0000    0.9989       435
                 Grass-trees     0.9880    1.0000    0.9939       657
         Grass-pasture-mowed     1.0000    1.0000    1.0000        25
               Hay-windrowed     1.0000    1.0000    1.0000       430
                        Oats     1.0000    0.9444    0.9714        18
              Soybean-notill     0.9796    0.9886    0.9841       875
             Soybean-mintill     0.9816    0.9910    0.9863      2210
               Soybean-clean     0.9962    0.9794    0.9877       534
                       Wheat     1.0000    1.0000    1.0000       185
                       Woods     0.9982    1.0000    0.9991      1139
Buildings-Grass-Trees-Drives     1.0000    0.9971    0.9986       347
          Stone-Steel-Towers     0.9425    0.9762    0.9591        84

                    accuracy                         0.9900      9225
                   macro avg     0.9902    0.9871    0.9885      9225
                weighted avg     0.9901    0.9900    0.9900      9225

[[  39    0    0    0    0    2    0    0    0    0    0    0    0    0
     0    0]
 [   1 1240    0    0    0    0    0    0    0    4   40    0    0    0
     0    0]
 [   0    0  747    0    0    0    0    0    0    0    0    0    0    0
     0    0]
 [   0    0    0  213    0    0    0    0    0    0    0    0    0    0
     0    0]
 [   0    0    0    0  435    0    0    0    0    0    0    0    0    0
     0    0]
 [   0    0    0    0    0  657    0    0    0    0    0    0    0    0
     0    0]
 [   0    0    0    0    0    0   25    0    0    0    0    0    0    0
     0    0]
 [   0    0    0    0    0    0    0  430    0    0    0    0    0    0
     0    0]
 [   0    0    0    0    1    0    0    0   17    0    0    0    0    0
     0    0]
 [   0   10    0    0    0    0    0    0    0  865    0    0    0    0
     0    0]
 [   0    1    0    0    0    6    0    0    0   11 2190    0    0    2
     0    0]
 [   0    0    1    1    0    0    0    0    0    3    1  523    0    0
     0    5]
 [   0    0    0    0    0    0    0    0    0    0    0    0  185    0
     0    0]
 [   0    0    0    0    0    0    0    0    0    0    0    0    0 1139
     0    0]
 [   0    1    0    0    0    0    0    0    0    0    0    0    0    0
   346    0]
 [   0    0    0    0    0    0    0    0    0    0    0    2    0    0
     0   82]]