31.382923299999675 Training_Time (s)
0.9625244999988354 Test_time (s)
98.83830607060133 Kappa accuracy (%)
98.98102981029811 Overall accuracy (%)
97.74846889915307 Average accuracy (%)
[100.          97.58754864  99.46452477 100.         100.
  99.39117199 100.         100.          77.77777778  98.97142857
  98.95927602  98.12734082 100.          99.64881475 100.
  94.04761905] Each accuracy (%)
                              precision    recall  f1-score   support

                     Alfalfa     1.0000    1.0000    1.0000        41
                 Corn-notill     0.9960    0.9759    0.9858      1285
                Corn-mintill     0.9907    0.9946    0.9927       747
                        Corn     0.9953    1.0000    0.9977       213
               Grass-pasture     1.0000    1.0000    1.0000       435
                 Grass-trees     0.9985    0.9939    0.9962       657
         Grass-pasture-mowed     1.0000    1.0000    1.0000        25
               Hay-windrowed     1.0000    1.0000    1.0000       430
                        Oats     0.8750    0.7778    0.8235        18
              Soybean-notill     0.9830    0.9897    0.9863       875
             Soybean-mintill     0.9856    0.9896    0.9876      2210
               Soybean-clean     0.9868    0.9813    0.9840       534
                       Wheat     1.0000    1.0000    1.0000       185
                       Woods     0.9939    0.9965    0.9952      1139
Buildings-Grass-Trees-Drives     0.9639    1.0000    0.9816       347
          Stone-Steel-Towers     0.9518    0.9405    0.9461        84

                    accuracy                         0.9898      9225
                   macro avg     0.9825    0.9775    0.9798      9225
                weighted avg     0.9898    0.9898    0.9898      9225

[[  41    0    0    0    0    0    0    0    0    0    0    0    0    0
     0    0]
 [   0 1254    0    0    0    0    0    0    0    2   28    0    0    0
     1    0]
 [   0    0  743    0    0    0    0    0    0    0    0    0    0    0
     4    0]
 [   0    0    0  213    0    0    0    0    0    0    0    0    0    0
     0    0]
 [   0    0    0    0  435    0    0    0    0    0    0    0    0    0
     0    0]
 [   0    0    0    0    0  653    0    0    0    0    0    0    0    1
     3    0]
 [   0    0    0    0    0    0   25    0    0    0    0    0    0    0
     0    0]
 [   0    0    0    0    0    0    0  430    0    0    0    0    0    0
     0    0]
 [   0    0    4    0    0    0    0    0   14    0    0    0    0    0
     0    0]
 [   0    5    0    0    0    0    0    0    0  866    0    0    0    0
     4    0]
 [   0    0    0    0    0    1    0    0    0   13 2187    2    0    6
     1    0]
 [   0    0    3    1    0    0    0    0    2    0    0  524    0    0
     0    4]
 [   0    0    0    0    0    0    0    0    0    0    0    0  185    0
     0    0]
 [   0    0    0    0    0    0    0    0    0    0    4    0    0 1135
     0    0]
 [   0    0    0    0    0    0    0    0    0    0    0    0    0    0
   347    0]
 [   0    0    0    0    0    0    0    0    0    0    0    5    0    0
     0   79]]