
====================== learning rate=0.001 epochs=100 train ratio=0.1 val ratio=0.01 ======================
OA=0.9832438944255831
AA=0.9566913846275834
kpp=0.9808978288309179
acc per class:[0.87234043 0.98275862 0.99188092 0.99014778 0.98511166 0.99231951
 0.77777778 1.         0.94117647 0.97806005 0.99266392 0.97556391
 1.         0.97984224 0.94524496 0.90217391]
train time:22.762395299971104
test time:0.007878699980210513
[[  41    0    0    0    6    0    0    0    0    0    0    0    0    0
     0    0]
 [   0 1254    5    0    0    0    0    0    0    6   10    0    0    0
     1    0]
 [   0    0  733    5    0    0    0    0    0    0    1    0    0    0
     0    0]
 [   0    2    0  201    0    0    0    0    0    0    0    0    0    0
     0    0]
 [   0    0    0    0  397    0    3    0    0    2    0    0    0    0
     1    0]
 [   0    2    0    0    0  646    0    0    0    0    0    0    0    0
     3    0]
 [   0    0    0    0    6    0   21    0    0    0    0    0    0    0
     0    0]
 [   0    0    0    0    0    0    0  427    0    0    0    0    0    0
     0    0]
 [   0    0    0    0    0    0    0    0   16    0    0    0    1    0
     0    0]
 [   0    7    0    0    0    0    0    0    0  847    6    4    0    0
     2    0]
 [   0    2    1    0    2    1    0    0    0    7 2165    0    0    0
     3    0]
 [   0    5    0    6    0    0    0    0    0    2    0  519    0    0
     0    0]
 [   0    0    0    0    0    0    0    0    0    0    0    0  182    0
     0    0]
 [   0    0    0    0   13    1    0    0    0    2    0    0    0 1118
     7    0]
 [   0    0    0    0    7    2    0    0    0    0    0    1    0    9
   328    0]
 [   0    0    0    0    0    0    0    0    0    0    4    5    0    0
     0   83]]

                              precision    recall  f1-score   support

                     Alfalfa       0.87      1.00      0.93        41
                 Corn-notill       0.98      0.99      0.98      1272
                Corn-mintill       0.99      0.99      0.99       739
                        Corn       0.99      0.95      0.97       212
               Grass-pasture       0.99      0.92      0.95       431
                 Grass-trees       0.99      0.99      0.99       650
         Grass-pasture-mowed       0.78      0.88      0.82        24
               Hay-windrowed       1.00      1.00      1.00       427
                        Oats       0.94      1.00      0.97        16
              Soybean-notill       0.98      0.98      0.98       866
             Soybean-mintill       0.99      0.99      0.99      2186
               Soybean-clean       0.98      0.98      0.98       529
                       Wheat       1.00      0.99      1.00       183
                       Woods       0.98      0.99      0.99      1127
Buildings-Grass-Trees-Drives       0.95      0.95      0.95       345
          Stone-Steel-Towers       0.90      1.00      0.95        83

                    accuracy                           0.98      9131
                   macro avg       0.96      0.98      0.97      9131
                weighted avg       0.98      0.98      0.98      9131

====================== learning rate=0.001 epochs=100 train ratio=0.1 val ratio=0.01 ======================
OA=0.9810535538276202
AA=0.9521477187014882
kpp=0.978406822209718
acc per class:[0.86666667 0.97378872 0.99594595 0.98591549 0.99514563 0.99845679
 0.61538462 0.99766355 1.         0.98261877 0.98219178 0.96672828
 1.         0.99192101 0.9338843  0.94805195]
train time:22.581278999976348
test time:0.0021791000035591424
[[  39    0    0    0    0    0    0    0    0    6    0    0    0    0
     0    0]
 [   0 1226    0    0    0    0    0    0    0    4   22    1    0    0
     6    0]
 [   0    3  737    0    0    0    0    0    0    0    0    0    0    0
     0    0]
 [   0    0    0  210    0    2    0    0    0    0    0    1    0    0
     0    0]
 [   1    0    0    0  410    0    0    0    0    0    1    0    0    0
     0    0]
 [   0    1    0    0    0  647    0    0    0    0    0    0    0    0
     0    0]
 [   0    0    0    0   15    0   24    0    0    0    0    0    0    0
     0    0]
 [   1    0    0    0    0    0    0  427    0    0    0    0    0    0
     0    0]
 [   0    0    0    0    0    0    0    0   16    0    0    0    0    0
     0    0]
 [   0    8    0    0    0    0    0    0    0  848    7    0    0    0
     0    0]
 [   0   32    2    0    3    1    0    0    0    1 2151    0    0    0
     0    0]
 [   0    1    0    2    0    0    0    0    0    5    0  523    0    0
     0   10]
 [   0    0    0    0    0    0    0    0    0    0    0    0  183    0
     0    0]
 [   0    1    0    0    3    0    0    0    0    0    5    0    0 1105
     0    0]
 [   0    0    0    0    0    0    0    0    0    2    0    0    0   22
   339    0]
 [   0    0    0    0    0    0    0    0    0    0    0    4    0    0
     0   73]]

                              precision    recall  f1-score   support

                     Alfalfa       0.87      0.95      0.91        41
                 Corn-notill       0.97      0.96      0.97      1272
                Corn-mintill       1.00      1.00      1.00       739
                        Corn       0.99      0.99      0.99       212
               Grass-pasture       1.00      0.95      0.97       431
                 Grass-trees       1.00      1.00      1.00       650
         Grass-pasture-mowed       0.62      1.00      0.76        24
               Hay-windrowed       1.00      1.00      1.00       427
                        Oats       1.00      1.00      1.00        16
              Soybean-notill       0.98      0.98      0.98       866
             Soybean-mintill       0.98      0.98      0.98      2186
               Soybean-clean       0.97      0.99      0.98       529
                       Wheat       1.00      1.00      1.00       183
                       Woods       0.99      0.98      0.99      1127
Buildings-Grass-Trees-Drives       0.93      0.98      0.96       345
          Stone-Steel-Towers       0.95      0.88      0.91        83

                    accuracy                           0.98      9131
                   macro avg       0.95      0.98      0.96      9131
                weighted avg       0.98      0.98      0.98      9131

====================== learning rate=0.001 epochs=100 train ratio=0.1 val ratio=0.01 ======================
OA=0.9783156280801665
AA=0.9739473860457701
kpp=0.9752830218395115
acc per class:[0.92857143 0.98416469 0.98915989 0.89830508 0.90792291 0.9984472
 1.         0.99766355 1.         0.97192982 0.98994975 0.98452611
 1.         0.97251773 0.96       1.        ]
train time:23.24940600001719
test time:0.0022265000152401626
[[  39    0    0    0    0    0    0    0    0    3    0    0    0    0
     0    0]
 [   1 1243    5    0    0    1    0    0    0    0    7    0    0    0
     6    0]
 [   0    0  730    0    0    0    0    0    0    0    0    8    0    0
     0    0]
 [   0    8    1  212    0    3    0    0    0    0    0   12    0    0
     0    0]
 [   0    0    0    0  424    1    3    0    0   18    0    0    0   21
     0    0]
 [   0    0    0    0    0  643    0    0    0    0    1    0    0    0
     0    0]
 [   0    0    0    0    0    0   21    0    0    0    0    0    0    0
     0    0]
 [   1    0    0    0    0    0    0  427    0    0    0    0    0    0
     0    0]
 [   0    0    0    0    0    0    0    0   16    0    0    0    0    0
     0    0]
 [   0   11    0    0    0    0    0    0    0  831   11    0    0    0
     2    0]
 [   0   10    0    0    1    2    0    0    0    9 2167    0    0    0
     0    0]
 [   0    0    3    0    0    0    0    0    0    0    0  509    0    0
     1    4]
 [   0    0    0    0    0    0    0    0    0    0    0    0  183    0
     0    0]
 [   0    0    0    0    5    0    0    0    0    2    0    0    0 1097
    24    0]
 [   0    0    0    0    1    0    0    0    0    3    0    0    0    9
   312    0]
 [   0    0    0    0    0    0    0    0    0    0    0    0    0    0
     0   79]]

                              precision    recall  f1-score   support

                     Alfalfa       0.93      0.95      0.94        41
                 Corn-notill       0.98      0.98      0.98      1272
                Corn-mintill       0.99      0.99      0.99       739
                        Corn       0.90      1.00      0.95       212
               Grass-pasture       0.91      0.98      0.94       431
                 Grass-trees       1.00      0.99      0.99       650
         Grass-pasture-mowed       1.00      0.88      0.93        24
               Hay-windrowed       1.00      1.00      1.00       427
                        Oats       1.00      1.00      1.00        16
              Soybean-notill       0.97      0.96      0.97       866
             Soybean-mintill       0.99      0.99      0.99      2186
               Soybean-clean       0.98      0.96      0.97       529
                       Wheat       1.00      1.00      1.00       183
                       Woods       0.97      0.97      0.97      1127
Buildings-Grass-Trees-Drives       0.96      0.90      0.93       345
          Stone-Steel-Towers       1.00      0.95      0.98        83

                    accuracy                           0.98      9131
                   macro avg       0.97      0.97      0.97      9131
                weighted avg       0.98      0.98      0.98      9131

====================== learning rate=0.001 epochs=100 train ratio=0.1 val ratio=0.01 ======================
OA=0.9855437520534444
AA=0.9840636951043074
kpp=0.9835184307571287
acc per class:[1.         0.97902098 0.99182561 0.99033816 0.97911833 0.98924731
 1.         0.99766355 0.94117647 0.98366394 0.99632353 0.9829222
 1.         0.97297297 0.95294118 0.98780488]
train time:22.145700599998236
test time:0.0028886000509373844
[[  40    0    0    0    0    0    0    0    0    0    0    0    0    0
     0    0]
 [   1 1260    4    1    0    0    0    0    0    5   16    0    0    0
     0    0]
 [   0    6  728    0    0    0    0    0    0    0    0    0    0    0
     0    0]
 [   0    0    1  205    0    0    0    0    0    0    0    1    0    0
     0    0]
 [   0    0    4    0  422    5    0    0    0    0    0    0    0    0
     0    0]
 [   0    1    0    3    0  644    0    0    0    3    0    0    0    0
     0    0]
 [   0    0    0    0    0    0   24    0    0    0    0    0    0    0
     0    0]
 [   0    0    0    0    0    0    0  427    0    0    0    0    0    1
     0    0]
 [   0    0    1    0    0    0    0    0   16    0    0    0    0    0
     0    0]
 [   0    5    0    0    0    0    0    0    0  843    1    8    0    0
     0    0]
 [   0    0    0    0    1    1    0    0    0    5 2168    1    0    0
     0    0]
 [   0    0    1    3    0    0    0    0    0    2    1  518    0    0
     0    2]
 [   0    0    0    0    0    0    0    0    0    0    0    0  183    0
     0    0]
 [   0    0    0    0    7    0    0    0    0    3    0    0    0 1116
    21    0]
 [   0    0    0    0    1    0    0    0    0    5    0    0    0   10
   324    0]
 [   0    0    0    0    0    0    0    0    0    0    0    1    0    0
     0   81]]

                              precision    recall  f1-score   support

                     Alfalfa       1.00      0.98      0.99        41
                 Corn-notill       0.98      0.99      0.98      1272
                Corn-mintill       0.99      0.99      0.99       739
                        Corn       0.99      0.97      0.98       212
               Grass-pasture       0.98      0.98      0.98       431
                 Grass-trees       0.99      0.99      0.99       650
         Grass-pasture-mowed       1.00      1.00      1.00        24
               Hay-windrowed       1.00      1.00      1.00       427
                        Oats       0.94      1.00      0.97        16
              Soybean-notill       0.98      0.97      0.98       866
             Soybean-mintill       1.00      0.99      0.99      2186
               Soybean-clean       0.98      0.98      0.98       529
                       Wheat       1.00      1.00      1.00       183
                       Woods       0.97      0.99      0.98      1127
Buildings-Grass-Trees-Drives       0.95      0.94      0.95       345
          Stone-Steel-Towers       0.99      0.98      0.98        83

                    accuracy                           0.99      9131
                   macro avg       0.98      0.98      0.98      9131
                weighted avg       0.99      0.99      0.99      9131

====================== learning rate=0.001 epochs=100 train ratio=0.1 val ratio=0.01 ======================
OA=0.9835724455152777
AA=0.982231267889937
kpp=0.9812609256540411
acc per class:[0.92682927 0.9733124  0.99584488 1.         0.96621622 0.99689441
 1.         1.         1.         0.9825784  0.98412698 0.97206704
 1.         0.98511384 0.97922849 0.95348837]
train time:21.859006700047757
test time:0.0029864999814890325
[[  38    0    0    0    0    0    0    0    0    3    0    0    0    0
     0    0]
 [   1 1240    8    5    0    0    0    0    0    9   11    0    0    0
     0    0]
 [   0    0  719    0    0    0    0    0    0    0    0    3    0    0
     0    0]
 [   0    0    0  199    0    0    0    0    0    0    0    0    0    0
     0    0]
 [   2    1    0    0  429    0   11    0    0    0    1    0    0    0
     0    0]
 [   0    0    0    0    0  642    0    0    0    0    0    0    0    0
     2    0]
 [   0    0    0    0    0    0   13    0    0    0    0    0    0    0
     0    0]
 [   0    0    0    0    0    0    0  427    0    0    0    0    0    0
     0    0]
 [   0    0    0    0    0    0    0    0   16    0    0    0    0    0
     0    0]
 [   0    9    3    0    0    0    0    0    0  846    3    0    0    0
     0    0]
 [   0   18    8    0    0    1    0    0    0    8 2170    0    0    0
     0    0]
 [   0    3    0    8    0    0    0    0    0    0    0  522    0    0
     3    1]
 [   0    0    0    0    0    0    0    0    0    0    0    0  183    0
     0    0]
 [   0    1    1    0    0    5    0    0    0    0    0    0    0 1125
    10    0]
 [   0    0    0    0    2    2    0    0    0    0    1    0    0    2
   330    0]
 [   0    0    0    0    0    0    0    0    0    0    0    4    0    0
     0   82]]

                              precision    recall  f1-score   support

                     Alfalfa       0.93      0.93      0.93        41
                 Corn-notill       0.97      0.97      0.97      1272
                Corn-mintill       1.00      0.97      0.98       739
                        Corn       1.00      0.94      0.97       212
               Grass-pasture       0.97      1.00      0.98       431
                 Grass-trees       1.00      0.99      0.99       650
         Grass-pasture-mowed       1.00      0.54      0.70        24
               Hay-windrowed       1.00      1.00      1.00       427
                        Oats       1.00      1.00      1.00        16
              Soybean-notill       0.98      0.98      0.98       866
             Soybean-mintill       0.98      0.99      0.99      2186
               Soybean-clean       0.97      0.99      0.98       529
                       Wheat       1.00      1.00      1.00       183
                       Woods       0.99      1.00      0.99      1127
Buildings-Grass-Trees-Drives       0.98      0.96      0.97       345
          Stone-Steel-Towers       0.95      0.99      0.97        83

                    accuracy                           0.98      9131
                   macro avg       0.98      0.95      0.96      9131
                weighted avg       0.98      0.98      0.98      9131

====================== learning rate=0.001 epochs=100 train ratio=0.1 val ratio=0.01 ======================
OA=0.9828058263059906
AA=0.9840432369939834
kpp=0.9803971667018412
acc per class:[1.         0.97786561 0.98773842 1.         0.99766355 0.9984544
 0.96       0.99766355 1.         0.96266968 0.97765618 0.98073218
 1.         0.99731664 0.95290859 0.95402299]
train time:22.099038199987262
test time:0.0021924000466242433
[[  37    0    0    0    0    0    0    0    0    0    0    0    0    0
     0    0]
 [   0 1237    3    0    0    0    0    0    0    5   19    0    0    0
     1    0]
 [   0    0  725    1    0    0    0    0    0    0    8    0    0    0
     0    0]
 [   0    0    0  206    0    0    0    0    0    0    0    0    0    0
     0    0]
 [   0    0    1    0  427    0    0    0    0    0    0    0    0    0
     0    0]
 [   0    1    0    0    0  646    0    0    0    0    0    0    0    0
     0    0]
 [   0    0    0    0    1    0   24    0    0    0    0    0    0    0
     0    0]
 [   1    0    0    0    0    0    0  427    0    0    0    0    0    0
     0    0]
 [   0    0    0    0    0    0    0    0   16    0    0    0    0    0
     0    0]
 [   3    2    1    0    0    0    0    0    0  851   14   12    0    1
     0    0]
 [   0   32    2    0    0    2    0    0    0   10 2144    3    0    0
     0    0]
 [   0    0    4    5    0    0    0    0    0    0    0  509    0    1
     0    0]
 [   0    0    0    0    0    0    0    0    0    0    0    0  183    0
     0    0]
 [   0    0    0    0    3    0    0    0    0    0    0    0    0 1115
     0    0]
 [   0    0    3    0    0    2    0    0    0    0    1    1    0   10
   344    0]
 [   0    0    0    0    0    0    0    0    0    0    0    4    0    0
     0   83]]

                              precision    recall  f1-score   support

                     Alfalfa       1.00      0.90      0.95        41
                 Corn-notill       0.98      0.97      0.98      1272
                Corn-mintill       0.99      0.98      0.98       739
                        Corn       1.00      0.97      0.99       212
               Grass-pasture       1.00      0.99      0.99       431
                 Grass-trees       1.00      0.99      1.00       650
         Grass-pasture-mowed       0.96      1.00      0.98        24
               Hay-windrowed       1.00      1.00      1.00       427
                        Oats       1.00      1.00      1.00        16
              Soybean-notill       0.96      0.98      0.97       866
             Soybean-mintill       0.98      0.98      0.98      2186
               Soybean-clean       0.98      0.96      0.97       529
                       Wheat       1.00      1.00      1.00       183
                       Woods       1.00      0.99      0.99      1127
Buildings-Grass-Trees-Drives       0.95      1.00      0.97       345
          Stone-Steel-Towers       0.95      1.00      0.98        83

                    accuracy                           0.98      9131
                   macro avg       0.98      0.98      0.98      9131
                weighted avg       0.98      0.98      0.98      9131

====================== learning rate=0.001 epochs=100 train ratio=0.1 val ratio=0.01 ======================
OA=0.9833534114554813
AA=0.9811416395381523
kpp=0.9810200818488389
acc per class:[1.         0.95655488 0.98499318 0.98598131 0.99277108 0.99538462
 0.92307692 1.         1.         0.98362573 0.99172033 0.95627376
 1.         0.99294533 0.98255814 0.95238095]
train time:32.547699100046884
test time:0.0029238000279292464
[[  39    0    0    0    0    0    0    0    0    0    0    0    0    0
     0    0]
 [   0 1255    2    1    0    0    0    0    0   13   24   15    0    0
     0    2]
 [   0    0  722    0    5    0    0    0    0    3    2    1    0    0
     0    0]
 [   0    0    0  211    0    0    0    0    0    0    0    3    0    0
     0    0]
 [   0    0    0    0  412    0    0    0    0    0    2    0    0    0
     1    0]
 [   0    0    0    0    0  647    0    0    0    0    0    0    0    0
     3    0]
 [   0    0    0    0    1    0   24    1    0    0    0    0    0    0
     0    0]
 [   0    0    0    0    0    0    0  426    0    0    0    0    0    0
     0    0]
 [   0    0    0    0    0    0    0    0   16    0    0    0    0    0
     0    0]
 [   2    4    0    0    7    0    0    0    0  841    1    0    0    0
     0    0]
 [   0   13    0    0    1    1    0    0    0    0 2156    3    0    0
     0    0]
 [   0    0   13    0    0    0    0    0    0    6    0  503    0    0
     3    1]
 [   0    0    0    0    0    0    0    0    0    0    0    0  183    0
     0    0]
 [   0    0    2    0    5    1    0    0    0    0    0    0    0 1126
     0    0]
 [   0    0    0    0    0    1    0    0    0    3    1    0    0    1
   338    0]
 [   0    0    0    0    0    0    0    0    0    0    0    4    0    0
     0   80]]

                              precision    recall  f1-score   support

                     Alfalfa       1.00      0.95      0.97        41
                 Corn-notill       0.96      0.99      0.97      1272
                Corn-mintill       0.98      0.98      0.98       739
                        Corn       0.99      1.00      0.99       212
               Grass-pasture       0.99      0.96      0.97       431
                 Grass-trees       1.00      1.00      1.00       650
         Grass-pasture-mowed       0.92      1.00      0.96        24
               Hay-windrowed       1.00      1.00      1.00       427
                        Oats       1.00      1.00      1.00        16
              Soybean-notill       0.98      0.97      0.98       866
             Soybean-mintill       0.99      0.99      0.99      2186
               Soybean-clean       0.96      0.95      0.95       529
                       Wheat       1.00      1.00      1.00       183
                       Woods       0.99      1.00      1.00      1127
Buildings-Grass-Trees-Drives       0.98      0.98      0.98       345
          Stone-Steel-Towers       0.95      0.96      0.96        83

                    accuracy                           0.98      9131
                   macro avg       0.98      0.98      0.98      9131
                weighted avg       0.98      0.98      0.98      9131

====================== learning rate=0.001 epochs=100 train ratio=0.1 val ratio=0.01 ======================
OA=0.9828058263059906
AA=0.985873315774216
kpp=0.9803819555324398
acc per class:[0.97435897 0.97720126 0.98507463 0.99052133 0.98148148 0.98036254
 1.         1.         1.         0.98095238 0.97524752 0.98095238
 1.         0.99558304 0.98795181 0.96428571]
train time:22.066620600002352
test time:0.0024792999611236155
[[  38    0    0    0    0    0    0    1    0    0    0    0    0    0
     0    0]
 [   0 1243    4    2    0    1    0    0    0    0   15    6    0    0
     1    0]
 [   0    5  726    1    0    0    0    0    0    0    2    3    0    0
     0    0]
 [   0    0    0  209    0    0    0    0    0    0    0    2    0    0
     0    0]
 [   0    0    0    0  424    0    6    0    0    0    1    0    0    0
     1    0]
 [   0    1    0    0    0  649    0    0    0    0    0    0    0    0
    12    0]
 [   0    0    0    0    0    0   18    0    0    0    0    0    0    0
     0    0]
 [   0    0    0    0    0    0    0  426    0    0    0    0    0    0
     0    0]
 [   0    0    0    0    0    0    0    0   16    0    0    0    0    0
     0    0]
 [   3    9    0    0    0    0    0    0    0  824    1    0    0    0
     3    0]
 [   0   10    7    0    0    0    0    0    0   38 2167    0    0    0
     0    0]
 [   0    4    0    0    0    0    0    0    0    4    0  515    0    0
     0    2]
 [   0    0    0    0    0    0    0    0    0    0    0    0  183    0
     0    0]
 [   0    0    0    0    5    0    0    0    0    0    0    0    0 1127
     0    0]
 [   0    0    2    0    2    0    0    0    0    0    0    0    0    0
   328    0]
 [   0    0    0    0    0    0    0    0    0    0    0    3    0    0
     0   81]]

                              precision    recall  f1-score   support

                     Alfalfa       0.97      0.93      0.95        41
                 Corn-notill       0.98      0.98      0.98      1272
                Corn-mintill       0.99      0.98      0.98       739
                        Corn       0.99      0.99      0.99       212
               Grass-pasture       0.98      0.98      0.98       431
                 Grass-trees       0.98      1.00      0.99       650
         Grass-pasture-mowed       1.00      0.75      0.86        24
               Hay-windrowed       1.00      1.00      1.00       427
                        Oats       1.00      1.00      1.00        16
              Soybean-notill       0.98      0.95      0.97       866
             Soybean-mintill       0.98      0.99      0.98      2186
               Soybean-clean       0.98      0.97      0.98       529
                       Wheat       1.00      1.00      1.00       183
                       Woods       1.00      1.00      1.00      1127
Buildings-Grass-Trees-Drives       0.99      0.95      0.97       345
          Stone-Steel-Towers       0.96      0.98      0.97        83

                    accuracy                           0.98      9131
                   macro avg       0.99      0.97      0.97      9131
                weighted avg       0.98      0.98      0.98      9131

====================== learning rate=0.001 epochs=100 train ratio=0.1 val ratio=0.01 ======================
OA=0.9795203154090462
AA=0.9758044458003545
kpp=0.9766364633188888
acc per class:[0.97619048 0.9847144  0.99439776 0.97115385 0.97129187 0.9953271
 1.         1.         0.88888889 0.97275823 0.97033708 0.97201493
 0.98918919 0.98248687 0.96793003 0.97619048]
train time:23.17355760000646
test time:0.0024016000097617507
[[  41    0    0    0    0    0    0    1    0    0    0    0    0    0
     0    0]
 [   0 1224    3    0    0    0    0    0    0    0    8    1    0    0
     7    0]
 [   0    1  710    3    0    0    0    0    0    0    0    0    0    0
     0    0]
 [   0    3    0  202    0    1    0    0    0    0    0    2    0    0
     0    0]
 [   0    0    8    0  406    1    0    0    0    0    0    0    0    0
     3    0]
 [   0    0    0    0    0  639    0    0    0    0    0    0    0    0
     3    0]
 [   0    0    0    0    0    0   24    0    0    0    0    0    0    0
     0    0]
 [   0    0    0    0    0    0    0  426    0    0    0    0    0    0
     0    0]
 [   0    0    0    0    0    0    0    0   16    0    0    2    0    0
     0    0]
 [   0    4    1    0    1    0    0    0    0  857   17    0    0    1
     0    0]
 [   0   39   12    0   10    4    0    0    0    0 2159    1    0    0
     0    0]
 [   0    0    2    7    0    0    0    0    0    5    0  521    0    0
     0    1]
 [   0    0    1    0    1    0    0    0    0    0    0    0  183    0
     0    0]
 [   0    0    1    0   13    5    0    0    0    1    0    0    0 1122
     0    0]
 [   0    1    1    0    0    0    0    0    0    3    2    0    0    4
   332    0]
 [   0    0    0    0    0    0    0    0    0    0    0    2    0    0
     0   82]]

                              precision    recall  f1-score   support

                     Alfalfa       0.98      1.00      0.99        41
                 Corn-notill       0.98      0.96      0.97      1272
                Corn-mintill       0.99      0.96      0.98       739
                        Corn       0.97      0.95      0.96       212
               Grass-pasture       0.97      0.94      0.96       431
                 Grass-trees       1.00      0.98      0.99       650
         Grass-pasture-mowed       1.00      1.00      1.00        24
               Hay-windrowed       1.00      1.00      1.00       427
                        Oats       0.89      1.00      0.94        16
              Soybean-notill       0.97      0.99      0.98       866
             Soybean-mintill       0.97      0.99      0.98      2186
               Soybean-clean       0.97      0.98      0.98       529
                       Wheat       0.99      1.00      0.99       183
                       Woods       0.98      1.00      0.99      1127
Buildings-Grass-Trees-Drives       0.97      0.96      0.97       345
          Stone-Steel-Towers       0.98      0.99      0.98        83

                    accuracy                           0.98      9131
                   macro avg       0.98      0.98      0.98      9131
                weighted avg       0.98      0.98      0.98      9131

====================== learning rate=0.001 epochs=100 train ratio=0.1 val ratio=0.01 ======================
OA=0.982367758186398
AA=0.9743031086247387
kpp=0.9798971690347612
acc per class:[0.97560976 0.98253968 0.97733333 0.99519231 0.9765808  1.
 0.96       1.         0.94117647 0.98589894 0.98041002 0.97026022
 1.         0.98857645 0.95639535 0.8988764 ]
train time:22.47385279997252
test time:0.0027626000228337944
[[  40    0    0    0    1    0    0    0    0    0    0    0    0    0
     0    0]
 [   0 1238    4    0    0    1    0    0    0    5    9    0    0    0
     3    0]
 [   0    0  733    0    0    0    0    0    0    8    8    1    0    0
     0    0]
 [   0    0    0  207    0    0    0    0    0    0    0    1    0    0
     0    0]
 [   0    3    0    0  417    1    0    0    0    1    5    0    0    0
     0    0]
 [   0    0    0    0    0  638    0    0    0    0    0    0    0    0
     0    0]
 [   0    0    0    0    1    0   24    0    0    0    0    0    0    0
     0    0]
 [   0    0    0    0    0    0    0  427    0    0    0    0    0    0
     0    0]
 [   0    0    0    0    0    1    0    0   16    0    0    0    0    0
     0    0]
 [   1    4    0    0    0    0    0    0    0  839    6    0    0    0
     1    0]
 [   0   27    0    0    3    3    0    0    0   10 2152    0    0    0
     0    0]
 [   0    0    2    5    0    0    0    0    0    2    4  522    0    0
     0    3]
 [   0    0    0    0    0    0    0    0    0    0    0    0  183    0
     0    0]
 [   0    0    0    0    3    0    0    0    0    1    0    0    0 1125
     9    0]
 [   0    0    0    0    6    6    0    0    0    0    1    0    0    2
   329    0]
 [   0    0    0    0    0    0    0    0    0    0    1    5    0    0
     3   80]]

                              precision    recall  f1-score   support

                     Alfalfa       0.98      0.98      0.98        41
                 Corn-notill       0.98      0.97      0.98      1272
                Corn-mintill       0.98      0.99      0.98       739
                        Corn       1.00      0.98      0.99       212
               Grass-pasture       0.98      0.97      0.97       431
                 Grass-trees       1.00      0.98      0.99       650
         Grass-pasture-mowed       0.96      1.00      0.98        24
               Hay-windrowed       1.00      1.00      1.00       427
                        Oats       0.94      1.00      0.97        16
              Soybean-notill       0.99      0.97      0.98       866
             Soybean-mintill       0.98      0.98      0.98      2186
               Soybean-clean       0.97      0.99      0.98       529
                       Wheat       1.00      1.00      1.00       183
                       Woods       0.99      1.00      0.99      1127
Buildings-Grass-Trees-Drives       0.96      0.95      0.96       345
          Stone-Steel-Towers       0.90      0.96      0.93        83

                    accuracy                           0.98      9131
                   macro avg       0.97      0.98      0.98      9131
                weighted avg       0.98      0.98      0.98      9131


***************Mean result of 10times runs ********************
List of OA:[0.9832438944255831, 0.9810535538276202, 0.9783156280801665, 0.9855437520534444, 0.9835724455152777, 0.9828058263059906, 0.9833534114554813, 0.9828058263059906, 0.9795203154090462, 0.982367758186398]
List of AA:[0.9566913846275834, 0.9521477187014882, 0.9739473860457701, 0.9840636951043074, 0.982231267889937, 0.9840432369939834, 0.9811416395381523, 0.985873315774216, 0.9758044458003545, 0.9743031086247387]
List of KPP:[0.9808978288309179, 0.978406822209718, 0.9752830218395115, 0.9835184307571287, 0.9812609256540411, 0.9803971667018412, 0.9810200818488389, 0.9803819555324398, 0.9766364633188888, 0.9798971690347612]
OA=98.23+-0.2
AA=97.5+-1.11
Kpp=97.98+-0.23
Acc per class=
[95.21 97.72 98.94 98.08 97.53 99.45 92.36 99.91 97.12 97.85 98.41 97.42
 99.89 98.59 96.19 95.37]+-[ 4.83  0.79  0.55  2.86  2.45  0.56 12.17  0.11  3.8   0.69  0.8   0.82
  0.32  0.84  1.64  3.1 ]
Average training time=23.5+-3.05
Average testing time=3.09+-0.162