
====================== learning rate=0.001 epochs=100 train ratio=0.1 val ratio=0.01 ======================
OA=0.9832438944255831
AA=0.9566913846275834
kpp=0.9808978288309179
acc per class:[0.87234043 0.98275862 0.99188092 0.99014778 0.98511166 0.99231951
 0.77777778 1.         0.94117647 0.97806005 0.99266392 0.97556391
 1.         0.97984224 0.94524496 0.90217391]
train time:24.105243799975142
test time:0.010948099952656776
[[  41    0    0    0    6    0    0    0    0    0    0    0    0    0
     0    0]
 [   0 1254    5    0    0    0    0    0    0    6   10    0    0    0
     1    0]
 [   0    0  733    5    0    0    0    0    0    0    1    0    0    0
     0    0]
 [   0    2    0  201    0    0    0    0    0    0    0    0    0    0
     0    0]
 [   0    0    0    0  397    0    3    0    0    2    0    0    0    0
     1    0]
 [   0    2    0    0    0  646    0    0    0    0    0    0    0    0
     3    0]
 [   0    0    0    0    6    0   21    0    0    0    0    0    0    0
     0    0]
 [   0    0    0    0    0    0    0  427    0    0    0    0    0    0
     0    0]
 [   0    0    0    0    0    0    0    0   16    0    0    0    1    0
     0    0]
 [   0    7    0    0    0    0    0    0    0  847    6    4    0    0
     2    0]
 [   0    2    1    0    2    1    0    0    0    7 2165    0    0    0
     3    0]
 [   0    5    0    6    0    0    0    0    0    2    0  519    0    0
     0    0]
 [   0    0    0    0    0    0    0    0    0    0    0    0  182    0
     0    0]
 [   0    0    0    0   13    1    0    0    0    2    0    0    0 1118
     7    0]
 [   0    0    0    0    7    2    0    0    0    0    0    1    0    9
   328    0]
 [   0    0    0    0    0    0    0    0    0    0    4    5    0    0
     0   83]]

                              precision    recall  f1-score   support

                     Alfalfa       0.87      1.00      0.93        41
                 Corn-notill       0.98      0.99      0.98      1272
                Corn-mintill       0.99      0.99      0.99       739
                        Corn       0.99      0.95      0.97       212
               Grass-pasture       0.99      0.92      0.95       431
                 Grass-trees       0.99      0.99      0.99       650
         Grass-pasture-mowed       0.78      0.88      0.82        24
               Hay-windrowed       1.00      1.00      1.00       427
                        Oats       0.94      1.00      0.97        16
              Soybean-notill       0.98      0.98      0.98       866
             Soybean-mintill       0.99      0.99      0.99      2186
               Soybean-clean       0.98      0.98      0.98       529
                       Wheat       1.00      0.99      1.00       183
                       Woods       0.98      0.99      0.99      1127
Buildings-Grass-Trees-Drives       0.95      0.95      0.95       345
          Stone-Steel-Towers       0.90      1.00      0.95        83

                    accuracy                           0.98      9131
                   macro avg       0.96      0.98      0.97      9131
                weighted avg       0.98      0.98      0.98      9131


***************Mean result of 1times runs ********************
List of OA:[0.9832438944255831]
List of AA:[0.9566913846275834]
List of KPP:[0.9808978288309179]
OA=98.32+-0.0
AA=95.67+-0.0
Kpp=98.09+-0.0
Acc per class=
[ 87.23  98.28  99.19  99.01  98.51  99.23  77.78 100.    94.12  97.81
  99.27  97.56 100.    97.98  94.52  90.22]+-[0. 0. 0. 0. 0. 0. 0. 0. 0. 0. 0. 0. 0. 0. 0. 0.]
Average training time=24.11+-0.0
Average testing time=10.95+-0.0