
======================
OA=0.8044025846019056
AA=0.8194934457779046
kpp=0.7750569562408867
acc per class:[0.66666667 0.75822368 0.82560297 0.66137566 0.8943662  0.86164384
 0.81818182 0.8907563  0.76923077 0.74113475 0.74382111 0.78378378
 0.97237569 0.89935065 0.86592179 0.95945946]
train time:0.04594810004346073
test time:0.941410600033123
[[  10    0    0    0    2    0    2    1    0    0    0    0    0    0
     0    0]
 [   0  922   42   40    1    0    0    0    0   41  106   61    0    0
     0    3]
 [   0    9  445   19    1    0    0    0    0    0   38   26    0    0
     1    0]
 [   0   16   16  125    2    3    0    0    0    2    9   16    0    0
     0    0]
 [   0    1    0    1  381    8    1    2    0    2   11    0    1    6
    12    0]
 [   0    4    1   11   17  629    0    0    5    0   13    1    4    1
    44    0]
 [   0    0    0    0    2    0   18    0    0    1    1    0    0    0
     0    0]
 [  31    1    0    1   15    0    3  424    0    1    0    0    0    0
     0    0]
 [   0    0    0    0    0    0    0    0   10    1    0    0    1    0
     1    0]
 [   0   88    7    6    2    0    0    0    0  627   91   21    0    0
     2    2]
 [   0  216  184    0    2    0    0    0    0  185 1896   53    0    0
     8    5]
 [   0   15   44    9    2    0    0    0    0    5   19  348    0    0
     0    2]
 [   0    0    0    0    0    0    0    0    1    0    0    0  176    1
     3    0]
 [   0    0    0    0    4    1    0    0    0    0    0    0    0 1108
   119    0]
 [   0    0    0    0    0    9    0    0    0    0    2    1    1   11
   155    0]
 [   0    0    0    0    0    0    0    0    0    1    0    2    0    0
     0   71]]

                              precision    recall  f1-score   support

                     Alfalfa       0.67      0.24      0.36        41
                 Corn-notill       0.76      0.72      0.74      1272
                Corn-mintill       0.83      0.60      0.70       739
                        Corn       0.66      0.59      0.62       212
               Grass-pasture       0.89      0.88      0.89       431
                 Grass-trees       0.86      0.97      0.91       650
         Grass-pasture-mowed       0.82      0.75      0.78        24
               Hay-windrowed       0.89      0.99      0.94       427
                        Oats       0.77      0.62      0.69        16
              Soybean-notill       0.74      0.72      0.73       866
             Soybean-mintill       0.74      0.87      0.80      2186
               Soybean-clean       0.78      0.66      0.72       529
                       Wheat       0.97      0.96      0.97       183
                       Woods       0.90      0.98      0.94      1127
Buildings-Grass-Trees-Drives       0.87      0.45      0.59       345
          Stone-Steel-Towers       0.96      0.86      0.90        83

                    accuracy                           0.80      9131
                   macro avg       0.82      0.74      0.77      9131
                weighted avg       0.81      0.80      0.80      9131


***************Mean result of 1times runs ********************
List of OA:[0.8044025846019056]
List of AA:[0.8194934457779046]
List of KPP:[0.7750569562408867]
OA=80.44+-0.0
AA=81.95+-0.0
Kpp=77.51+-0.0
Acc per class=[0.6667 0.7582 0.8256 0.6614 0.8944 0.8616 0.8182 0.8908 0.7692 0.7411
 0.7438 0.7838 0.9724 0.8994 0.8659 0.9595]+-[0. 0. 0. 0. 0. 0. 0. 0. 0. 0. 0. 0. 0. 0. 0. 0.]
Average training time=0.05+-0.0
Average testing time=0.94141+-0.0